loc,length,bug type,approach
314,10,Overflow-Underflow,code snippet injection
304,4,Overflow-Underflow,code snippet injection
296,4,Overflow-Underflow,code snippet injection
282,10,Overflow-Underflow,code snippet injection
274,4,Overflow-Underflow,code snippet injection
234,4,Overflow-Underflow,code snippet injection
225,4,Overflow-Underflow,code snippet injection
213,4,Overflow-Underflow,code snippet injection
201,4,Overflow-Underflow,code snippet injection
185,8,Overflow-Underflow,code snippet injection
168,8,Overflow-Underflow,code snippet injection
159,4,Overflow-Underflow,code snippet injection
150,4,Overflow-Underflow,code snippet injection
140,4,Overflow-Underflow,code snippet injection
127,8,Overflow-Underflow,code snippet injection
119,4,Overflow-Underflow,code snippet injection
110,4,Overflow-Underflow,code snippet injection
98,8,Overflow-Underflow,code snippet injection
263,4,Overflow-Underflow,code snippet injection
252,10,Overflow-Underflow,code snippet injection
241,10,Overflow-Underflow,code snippet injection
89,4,Overflow-Underflow,code snippet injection
77,10,Overflow-Underflow,code snippet injection
65,10,Overflow-Underflow,code snippet injection
