start_line,start_line_number
mapping(address => uint) public lockTime_intou13;,131
function bug_intou31() public{,112
function bug_intou27() public{,93
mapping(address => uint) public lockTime_intou33;,76
function bug_intou40(uint8 p_intou40) public{,62
function bug_intou35() public{,39
vundflw1 = vundflw1 + p_intou36;,17
